[?25l[0m [38;2;0;0;0m                            [0m
 [38;2;0;0;0m                            [0m
 [38;2;0;0;0m                            [0m
 [38;2;0;0;0m           [0m  [38;2;107;166;202m▁[38;2;71;107;130m▁[0m [38;2;3;5;6m            [0m
 [38;2;0;0;0m        [0m [7m[38;2;98;165;204m▀[0m[38;2;119;195;239m▆[38;2;71;115;141;48;2;127;204;252m▔[38;2;133;207;252;48;2;121;200;252m▀[38;2;131;205;252;48;2;120;198;252m▀[38;2;130;203;252;48;2;118;196;251m▀[38;2;83;124;151;48;2;121;197;251m▔[0m[38;2;114;186;240m▆[7m[38;2;96;158;207m▀[0m [38;2;40;61;79m         [0m
 [38;2;0;0;0m       [38;2;54;108;148m▗[38;2;54;101;130;48;2;104;191;250m▘[38;2;97;184;250;48;2;112;198;251m▃[38;2;96;185;250;48;2;111;196;251m▃[38;2;111;195;251;48;2;98;186;250m▀[38;2;109;193;251;48;2;97;186;250m▀[38;2;108;191;251;48;2;95;183;250m▀[38;2;106;189;251;48;2;94;181;250m▀[38;2;105;187;250;48;2;92;179;249m▀[38;2;103;185;250;48;2;91;176;249m▀[38;2;102;182;250;48;2;89;174;249m▀[38;2;62;103;140;48;2;92;174;248m▝[0m[38;2;61;109;156m▖        [0m
 [38;2;0;0;0m    [38;2;42;96;131m▁[38;2;71;166;226m▃[7m[38;2;75;179;248m▀[38;2;75;177;250m▘[0m[38;2;68;173;250;48;2;86;173;249m▅[38;2;83;171;248;48;2;63;168;249m▀[38;2;83;171;249;48;2;65;162;248m▀[38;2;83;173;249;48;2;69;160;247m▀[38;2;83;174;249;48;2;69;162;247m▀[38;2;83;175;248;48;2;69;164;247m▀[38;2;81;173;248;48;2;68;163;247m▀[38;2;80;170;248;48;2;67;161;247m▀[38;2;78;167;248;48;2;65;158;246m▀[38;2;77;165;247;48;2;64;155;246m▀[38;2;75;162;247;48;2;62;152;245m▀[0m[7m[38;2;63;152;245m▝[38;2;41;135;242m▀[0m[38;2;39;121;220m▃[38;2;23;69;127m▁     [0m
 [38;2;0;0;0m  [0m [38;2;64;145;199m▅[38;2;67;153;208;48;2;79;182;251m▔[38;2;77;181;251;48;2;73;176;251m▀[38;2;72;177;251;48;2;68;173;250m▀[38;2;67;173;250;48;2;63;169;249m▀[38;2;63;169;249;48;2;59;165;249m▀[38;2;58;165;249;48;2;55;161;248m▀[38;2;51;157;248;48;2;54;162;248m▅[38;2;47;153;247;48;2;56;154;246m▆[38;2;57;151;246;48;2;46;144;245m▀[38;2;56;152;246;48;2;45;143;245m▀[38;2;55;153;246;48;2;43;143;246m▀[38;2;54;151;246;48;2;42;141;245m▀[38;2;43;140;245;48;2;54;149;246m▅[38;2;43;138;245;48;2;53;146;245m▅[38;2;43;136;244;48;2;51;143;245m▅[38;2;45;134;244;48;2;50;141;245m▆[38;2;44;134;244;48;2;46;131;243m▀[38;2;47;130;243;48;2;45;133;244m▅[38;2;37;109;201;48;2;47;129;243m▔[0m[38;2;39;100;192m▅[0m [38;2;3;8;16m   [0m
 [38;2;0;0;0m  [7m[38;2;63;146;205m▋[0m[38;2;75;176;250;48;2;79;180;251m▅[38;2;73;176;250;48;2;70;171;250m▀[38;2;69;172;250;48;2;65;167;249m▀[38;2;61;164;249;48;2;65;169;249m▅[38;2;60;164;249;48;2;56;159;248m▀[38;2;56;160;248;48;2;52;155;247m▀[38;2;51;156;247;48;2;48;151;247m▀[38;2;47;152;247;48;2;44;146;246m▀[38;2;43;147;246;48;2;40;142;246m▀[38;2;40;144;246;48;2;40;139;245m▘[38;2;42;137;245m▆[38;2;43;136;245;48;2;41;138;245m▃[38;2;44;134;244;48;2;42;137;245m▃[38;2;43;136;244;48;2;45;133;244m▀[38;2;44;134;244;48;2;46;131;243m▀[38;2;47;130;243;48;2;45;133;244m▅[38;2;48;129;243;48;2;46;131;243m▆[48;2;50;126;242m▀[38;2;51;125;242;48;2;49;128;242m▅[38;2;52;123;241;48;2;50;126;242m▅[38;2;53;122;241;48;2;51;124;242m▅[0m[38;2;43;99;197m▍   [0m
 [38;2;0;0;0m  [0m [38;2;47;117;175;48;2;69;169;249m▖[38;2;66;167;249;48;2;63;162;248m▀[38;2;59;158;248;48;2;62;163;249m▅[38;2;57;159;248;48;2;54;154;247m▀[38;2;53;154;247;48;2;50;149;246m▀[38;2;49;150;246;48;2;46;145;246m▀[38;2;45;146;246;48;2;42;141;245m▀[38;2;41;138;245;48;2;41;142;246m▅[38;2;42;137;245;48;2;40;139;245m▆[38;2;43;135;244;48;2;42;137;245m▅[48;2;45;133;244m▀[38;2;44;134;244;48;2;46;131;243m▀[38;2;48;129;243;48;2;46;132;243m▃[38;2;47;130;243;48;2;49;128;242m▀[38;2;48;129;243;48;2;50;126;242m▀[38;2;51;124;242;48;2;49;127;242m▅[38;2;52;123;241;48;2;50;126;242m▅[38;2;53;122;241;48;2;51;124;242m▆[38;2;52;123;241;48;2;53;121;241m▔ [38;2;39;89;177;48;2;53;119;238m▂[0m [38;2;25;58;116m   [0m
 [38;2;0;0;0m   [0m [38;2;56;148;234m▀[7m[38;2;51;143;233m▁[0m[38;2;42;128;221;48;2;49;146;246m▁[38;2;47;144;245;48;2;44;139;245m▀[38;2;42;137;245;48;2;43;141;245m▆[48;2;44;134;244m▀[38;2;43;135;244;48;2;45;133;244m▘[38;2;47;130;243m▂[38;2;48;129;243;48;2;46;131;243m▃[38;2;47;130;243;48;2;49;127;242m▀[38;2;50;126;242;48;2;48;129;243m▅[38;2;51;124;242;48;2;49;127;242m▅[38;2;52;123;241;48;2;50;125;242m▅[38;2;53;122;241;48;2;51;124;242m▆[48;2;53;121;241m▘[38;2;53;121;241;48;2;54;121;241m▔[38;2;48;109;217;48;2;53;121;241m▁[0m[7m[38;2;51;114;228m▁[0m[38;2;50;114;227m▀[0m [38;2;22;49;99m    [0m
 [38;2;0;0;0m      [0m [38;2;23;75;135m▔[38;2;25;79;143m▔[38;2;26;78;143m▔[38;2;27;76;143m▔[38;2;27;75;143m▔[38;2;28;75;143m▔[38;2;29;74;142m▔[38;2;29;73;142m▔[38;2;30;72;142m▔[38;2;31;71;142m▔▔▔[38;2;29;66;133m▔[0m [38;2;7;17;35m       [0m
 [38;2;0;0;0m                            [0m
 [38;2;0;0;0m                            [0m
 [38;2;0;0;0m                            [0m
[?25h
